0 2 24
0 6 24
2 8 24
4 6 24
4 2 24
2 0 24
0 2 42
2 0 42
2 4 42
6 0 42
8 2 42
6 4 42
6 0 64
8 2 64
8 6 64
6 8 64
4 6 64
4 2 64
0 6 46
2 4 46
6 4 46
8 6 46
6 8 46
2 8 46
0 0 22
4 0 22
6 2 22
2 6 22
0 4 22
4 0 62
8 0 62
8 4 62
6 6 62
2 2 62
6 2 66
8 4 66
8 8 66
4 8 66
2 6 66
0 4 26
2 2 26
6 6 26
4 8 26
0 8 26
0 2 20
2 4 20
4 2 20
6 0 20
0 0 40
8 0 40
2 2 40
6 2 40
2 0 60
4 2 60
6 4 60
8 2 60
2 0 02
4 2 02
2 4 02
0 6 02
0 0 04
2 2 04
2 6 04
0 8 04
0 2 06
2 4 06
4 6 06
2 8 06
0 6 28
2 4 28
6 8 28
0 8 48
2 6 48
6 6 48
8 8 48
2 8 68
4 6 68
6 4 68
8 6 68
8 2 86
6 4 86
4 6 86
6 8 86
8 0 84
6 2 84
6 6 84
8 8 84
6 0 82
4 2 82
6 4 82
8 6 82
4 0 00
2 2 00
0 4 00
4 0 80
6 2 80
8 4 80
8 4 88
6 6 88
4 8 88
1 1 33
5 1 33
1 5 33
3 1 53
7 1 53
7 5 53
7 3 55
7 7 55
3 7 55
5 7 35
1 7 35
1 3 35
1 3 31
5 3 31
3 3 51
7 3 51
3 1 13
3 5 13
3 3 15
3 7 15
1 5 37
5 5 37
3 5 57
7 5 57
5 3 75
5 7 75
5 1 73
5 5 73
3 3 11
5 3 71
5 5 77
3 5 17
0 4 08
2 6 08
4 8 08
4 4 22
4 6 42
4 4 62
2 4 64
4 4 66
4 2 46
4 4 26
6 4 24
4 0 44
6 2 44
8 4 44
6 6 44
4 8 44
2 6 44
0 4 44
2 2 44
3 5 53
5 5 33
5 3 35
3 3 55
4 6 28
4 4 40
4 4 48
4 4 84
4 4 04
0 4 11
4 0 11
0 0 31
6 0 31
2 0 51
8 0 51
4 0 71
8 4 71
0 8 37
6 8 37
2 8 57
8 8 57
0 0 13
0 6 13
0 2 15
0 8 15
0 4 17
4 8 17
8 0 73
8 6 73
8 2 75
8 8 75
8 4 77
4 8 77
