0 0 8 2 0 2 11
2 0 6 4 0 4 31
0 4 4 6 0 6 15
0 6 2 8 0 8 17
0 0 8 4 0 4 22
2 0 6 6 0 6 42
4 0 4 8 0 8 62
0 2 6 4 0 4 13
0 0 8 6 0 6 33
2 0 6 8 0 8 53
4 0 4 8 2 6 73
0 2 6 6 0 6 24
0 0 8 8 0 8 44
2 0 6 8 2 6 64
4 0 4 6 0 6 51
0 2 6 8 0 8 35
0 0 8 8 2 6 55
2 0 6 8 4 4 75
0 4 4 8 0 8 26
0 2 6 8 2 6 46
0 0 8 8 4 4 66
6 0 2 8 0 8 71
0 4 4 8 2 6 37
0 2 6 8 4 4 57
0 0 8 8 6 2 77
2 0 6 2 0 2 20
4 0 4 4 0 4 40
6 0 2 6 0 6 60
0 2 6 2 0 2 02
6 0 2 8 2 6 82
0 4 4 4 0 4 04
4 0 4 8 4 4 84
0 6 2 6 0 6 06
2 0 6 8 6 2 86
0 6 2 8 2 6 28
0 4 4 8 4 4 48
0 2 6 8 6 2 68
0 0 8 -1 -1 -1 00
-1 -1 -1 8 0 8 08
-1 -1 -1 8 0 8 80
0 0 8 -1 -1 -1 88
