24 1 3
24 1 5
24 2 6
24 3 5
24 3 3
24 2 2
42 2 2
42 3 1
42 3 3
42 5 1
42 6 2
42 5 3
64 6 2
64 7 3
64 7 5
64 6 6
64 5 5
64 5 3
46 2 6
46 3 5
46 5 5
46 6 6
46 5 7
46 3 7
22 1 1
22 3 1
22 4 2
22 2 4
22 1 3
62 5 1
62 7 1
62 7 3
62 6 4
62 4 2
66 6 4
66 7 5
66 7 7
66 5 7
66 4 6
26 1 5
26 2 4
26 4 6
26 3 7
26 1 7
20 1 1
20 2 2
20 3 1
20 4 0
40 2 0
40 6 0
40 3 1
40 5 1
60 4 0
60 5 1
60 6 2
60 7 1
02 1 1
02 2 2
02 1 3
02 0 4
04 0 2
04 1 3
04 1 5
04 0 6
06 0 4
06 1 5
06 2 6
06 1 7
28 1 7
28 2 6
28 3 7
28 4 8
48 2 8
48 3 7
48 5 7
48 6 8
68 4 8
68 5 7
68 6 6
68 7 7
86 8 4
86 7 5
86 6 6
86 7 7
84 8 2
84 7 3
84 7 5
84 8 6
82 7 1
82 6 2
82 7 3
82 8 4
00 2 0
00 1 1
00 0 2
80 6 0
80 7 1
80 8 2
88 8 6
88 7 7
88 6 8
33 2 2
33 4 2
33 2 4
53 4 2
53 6 2
53 6 4
55 6 4
55 6 6
55 4 6
35 4 6
35 2 6
35 2 4
31 2 2
31 4 2
51 4 2
51 6 2
13 2 2
13 2 4
15 2 4
15 2 6
37 2 6
37 4 6
57 4 6
57 6 6
75 6 4
75 6 6
73 6 2
73 6 4
11 2 2
71 6 2
77 6 6
17 2 6
08 0 6
08 1 7
08 2 8
22 3 3
42 4 4
62 5 3
64 4 4
66 5 5
46 4 4
26 3 5
24 4 4
44 4 2
44 5 3
44 6 4
44 5 5
44 4 6
44 3 5
44 2 4
44 3 3
53 4 4
33 4 4
35 4 4
55 4 4
02 0 0
04 2 4
06 0 8
11 0 0
11 2 0
11 0 2
13 0 2
13 0 4
15 0 4
15 0 6
17 0 6
17 0 8
17 2 8
20 0 0
22 2 0
24 0 4
28 0 8
31 2 0
31 4 0
37 2 8
37 4 8
40 4 2
42 4 0
46 4 8
48 4 6
51 4 0
51 6 0
57 4 8
57 6 8
60 8 0
62 6 0
62 8 2
64 8 4
66 8 6
66 6 8
68 8 8
71 6 0
71 8 2
71 8 0
73 8 2
73 8 4
75 8 4
75 8 6
77 8 6
77 8 8
77 6 8
82 8 0
84 6 4
86 8 8
22 0 2
26 0 6
26 2 8
