3 5 24 1 3
3 3 24 1 5
2 2 24 2 6
1 3 24 3 5
1 5 24 3 3
2 6 24 2 2
6 2 42 2 2
5 3 42 3 1
5 1 42 3 3
3 3 42 5 1
2 2 42 6 2
3 1 42 5 3
6 6 64 6 2
5 5 64 7 3
5 3 64 7 5
6 2 64 6 6
7 3 64 5 5
7 5 64 5 3
6 6 46 2 6
5 7 46 3 5
7 3 46 5 5
2 6 46 6 6
3 5 46 5 7
5 5 46 3 7
3 3 22 1 1
1 3 22 3 1
0 2 22 4 2
2 0 22 2 4
3 1 22 1 3
7 3 62 5 1
5 3 62 7 1
5 1 62 7 3
6 0 62 6 4
8 2 62 4 2
6 8 66 6 4
5 7 66 7 5
5 5 66 7 7
7 5 66 5 7
8 6 66 4 6
3 7 26 1 5
2 8 26 2 4
0 6 26 4 6
1 5 26 3 7
3 5 26 1 7
0 0 20 4 0
6 0 40 2 0
2 0 40 6 0
8 0 60 4 0
0 0 02 0 4
0 6 04 0 2
0 2 04 0 6
0 8 06 0 4
0 8 28 4 8
6 8 48 2 8
2 8 48 6 8
8 8 68 4 8
8 8 86 8 4
8 6 84 8 2
8 2 84 8 6
8 0 82 8 4
2 4 33 4 2
4 2 33 2 4
6 4 53 4 2
4 2 53 6 4
4 6 55 6 4
6 4 55 4 6
2 4 35 4 6
4 6 35 2 4
4 0 31 2 2
2 0 31 4 2
6 0 51 4 2
4 0 51 6 2
0 4 13 2 2
0 2 13 2 4
0 6 15 2 4
0 4 15 2 6
4 8 37 2 6
2 8 37 4 6
6 8 57 4 6
4 8 57 6 6
8 6 75 6 4
8 4 75 6 6
8 4 73 6 2
8 2 73 6 4
0 0 11 2 2
8 0 71 6 2
8 8 77 6 6
0 8 17 2 6
1 1 22 3 3
7 1 62 5 3
7 7 66 5 5
1 5 26 3 5
0 4 02 0 0
0 4 06 0 8
2 2 11 0 0
0 2 11 2 0
2 0 11 0 2
2 4 13 0 2
2 2 13 0 4
2 6 15 0 4
2 4 15 0 6
2 8 17 0 6
2 6 17 0 8
0 6 17 2 8
4 0 20 0 0
2 4 22 2 0
4 8 28 0 8
4 2 31 2 0
2 2 31 4 0
4 6 37 2 8
2 6 37 4 8
6 2 51 4 0
4 2 51 6 0
6 6 57 4 8
4 6 57 6 8
4 0 60 8 0
6 4 62 6 0
4 2 62 8 2
4 6 66 8 6
6 4 66 6 8
4 8 68 8 8
8 2 71 6 0
6 0 71 8 2
6 2 71 8 0
6 4 73 8 2
6 2 73 8 4
6 6 75 8 4
6 4 75 8 6
6 8 77 8 6
6 6 77 8 8
8 6 77 6 8
8 4 82 8 0
8 4 86 8 8
4 2 22 0 2
4 6 26 0 6
2 4 26 2 8
