24 1 3 0 2
24 1 5 0 6
24 2 6 2 8
24 3 5 4 6
24 3 3 4 2
24 2 2 2 0
42 2 2 0 2
42 3 1 2 0
42 3 3 2 4
42 5 1 6 0
42 6 2 8 2
42 5 3 6 4
64 6 2 6 0
64 7 3 8 2
64 7 5 8 6
64 6 6 6 8
64 5 5 4 6
64 5 3 4 2
46 2 6 0 6
46 3 5 2 4
46 5 5 6 4
46 6 6 8 6
46 5 7 6 8
46 3 7 2 8
22 1 1 0 0
22 3 1 4 0
22 4 2 6 2
22 2 4 2 6
22 1 3 0 4
62 5 1 4 0
62 7 1 8 0
62 7 3 8 4
62 6 4 6 6
62 4 2 2 2
66 6 4 6 2
66 7 5 8 4
66 7 7 8 8
66 5 7 4 8
66 4 6 2 6
26 1 5 0 4
26 2 4 2 2
26 4 6 6 6
26 3 7 4 8
26 1 7 0 8
20 1 1 0 2
20 2 2 2 4
20 3 1 4 2
20 4 0 6 0
40 2 0 0 0
40 6 0 8 0
40 3 1 2 2
40 5 1 6 2
60 4 0 2 0
60 5 1 4 2
60 6 2 6 4
60 7 1 8 2
02 1 1 2 0
02 2 2 4 2
02 1 3 2 4
02 0 4 0 6
04 0 2 0 0
04 1 3 2 2
04 1 5 2 6
04 0 6 0 8
06 0 4 0 2
06 1 5 2 4
06 2 6 4 6
06 1 7 2 8
28 1 7 0 6
28 2 6 2 4
28 4 8 6 8
48 2 8 0 8
48 3 7 2 6
48 5 7 6 6
48 6 8 8 8
68 4 8 2 8
68 5 7 4 6
68 6 6 6 4
68 7 7 8 6
86 8 4 8 2
86 7 5 6 4
86 6 6 4 6
86 7 7 6 8
84 8 2 8 0
84 7 3 6 2
84 7 5 6 6
84 8 6 8 8
82 7 1 6 0
82 6 2 4 2
82 7 3 6 4
82 8 4 8 6
00 2 0 4 0
00 1 1 2 2
00 0 2 0 4
80 6 0 4 0
80 7 1 6 2
80 8 2 8 4
88 8 6 8 4
88 7 7 6 6
88 6 8 4 8
33 2 2 1 1
33 4 2 5 1
33 2 4 1 5
53 4 2 3 1
53 6 2 7 1
53 6 4 7 5
55 6 4 7 3
55 6 6 7 7
55 4 6 3 7
35 4 6 5 7
35 2 6 1 7
35 2 4 1 3
31 2 2 1 3
31 4 2 5 3
51 4 2 3 3
51 6 2 7 3
13 2 2 3 1
13 2 4 3 5
15 2 4 3 3
15 2 6 3 7
37 2 6 1 5
37 4 6 5 5
57 4 6 3 5
57 6 6 7 5
75 6 4 5 3
75 6 6 5 7
73 6 2 5 1
73 6 4 5 5
11 2 2 3 3
71 6 2 5 3
77 6 6 5 5
17 2 6 3 5
08 0 6 0 4
08 1 7 2 6
08 2 8 4 8
22 3 3 4 4
42 4 4 4 6
62 5 3 4 4
64 4 4 2 4
66 5 5 4 4
46 4 4 4 2
26 3 3 4 4
24 4 4 6 4
44 4 2 4 0
44 5 3 6 2
44 6 4 8 4
44 5 5 6 6
44 4 6 4 8
44 3 5 2 6
44 2 4 0 4
44 3 3 2 2
53 4 4 3 5
33 4 4 5 5
35 4 4 5 3
55 4 4 3 3
28 3 7 4 6
40 4 2 4 4
48 4 6 4 4
84 6 4 4 4
04 2 4 4 4
